0.000640869140625
0.000629425048828125
0.0006270408630371094
0.0006368160247802734
0.0006520748138427734
0.0006344318389892578
0.0006318092346191406
0.0006422996520996094
0.0006499290466308594
0.0006291866302490234
0.0006899833679199219
0.0006299018859863281
0.000698089599609375
0.0007679462432861328
0.0006327629089355469
0.0006473064422607422
0.0007600784301757812
0.0006310939788818359
0.0006346702575683594
0.0006384849548339844
0.0003676414489746094
0.00038051605224609375
0.0003819465637207031
0.0003933906555175781
0.0004074573516845703
0.00037932395935058594